35 225
140 92
350 25
578 22
779 87
904 202
905 357
781 463
582 544
348 552
134 487
22 373
35 229
136 95
345 26
573 22
775 85
903 199
906 356
785 460
587 542
353 553
138 490
24 376
34 232
133 97
339 27
568 21
773 83
901 196
908 355
790 457
593 541
358 553
142 492
26 379
33 236
128 100
334 28
563 20
770 81
899 193
909 354
793 455
599 540
363 554
146 495
27 382
33 238
124 102
329 29
558 19
765 84
898 190
910 353
797 452
606 538
369 555
149 497
29 386
32 241
121 105
322 30
553 19
759 78
895 187
911 329
801 450
610 535
374 555
154 499
30 389
31 244
118 107
318 32
548 18
756 76
893 184
912 326
805 447
613 533
379 555
158 501
32 392
31 248
114 112
312 33
543 18
752 74
892 181
913 323
809 445
622 533
385 556
162 504
34 395
31 251
111 114
306 34
538 18
748 73
97 125
286 39
517 15
729 68
881 166
918 306
827 430
651 527
412 557
183 514
43 410
32 267
94 129
283 80
512 190
724 353
878 457
919 539
831 554
656 497
417 386
187 241
46 105
34 30
91 19
276 78
506 187
721 328
876 449
919 535
834 555
661 498
422 389
191 245
48 106
35 31
88 18
270 77
502 184
715 326
874 447
919 534
837 556
666 501
428 392
196 247
50 112
35 32
86 18
265 75
497 181
711 323
871 444
919 533
841 556
671 503
434 395
200 251
52 115
37 34
83 17
260 73
492 178
706 319
869 441
920 531
843 556
676 505
439 398
204 253
55 118
39 35
80 17
255 72
487 175
701 316
867 439
920 530
847 557
681 507
445 401
209 257
57 120
39 36
77 17
250 71
482 172
696 313
864 436
920 529
850 557
685 509
450 404
214 261
59 123
42 38
75 16
245 69
477 169